68767	3.0
91734	2.0
104137	3.0
159566	4.0
160534	2.0
180296	2.0
184581	3.0
223379	1.0
245813	4.0
250017	3.0
279222	3.0
284426	3.0
292298	4.0
305344	1.0
334857	5.0
337026	1.0
341636	2.0
347642	4.0
365347	2.0
387418	5.0
401525	1.0
409567	4.0
437921	1.0
455516	4.0
521546	4.0
536535	3.0
583234	4.0
602981	4.0
659540	1.0
659812	2.0
704862	3.0
719207	2.0
738062	4.0
740629	3.0
747181	3.0
755895	2.0
808269	3.0
817008	2.0
817628	2.0
836489	3.0
874984	4.0
889664	4.0
924370	1.0
952332	5.0
954537	4.0
973170	2.0
975281	3.0
980485	3.0
1001129	2.0
1005330	4.0
1016843	3.0
1024069	2.0
1046918	4.0
1067539	4.0
1124100	3.0
1154387	5.0
1161150	4.0
1169649	2.0
1174202	4.0
1197916	4.0
1264021	1.0
1265935	4.0
1273985	3.0
1346924	4.0
1369626	3.0
1374046	4.0
1381143	3.0
1389950	3.0
1390962	3.0
1392675	2.0
1425823	3.0
1439700	3.0
1443880	3.0
1473120	3.0
1474508	3.0
1486829	1.0
1494885	4.0
1495038	5.0
1548870	3.0
1553321	3.0
1563935	1.0
1615721	1.0
1617468	5.0
1629989	1.0
1662097	1.0
1664010	3.0
1669356	4.0
1687466	2.0
1693171	1.0
1705604	2.0
1710475	3.0
1735877	5.0
1790564	2.0
1793569	2.0
1870457	4.0
1876784	2.0
1910955	3.0
1932594	1.0
1960389	2.0
1965981	3.0
1966033	4.0
2011853	1.0
2013244	1.0
2052398	1.0
2062507	2.0
2075693	2.0
2097548	1.0
2099696	1.0
2111910	4.0
2121071	3.0
2151789	3.0
2153901	4.0
2158461	5.0
2186630	2.0
2190792	3.0
2216829	5.0
2261759	5.0
2294108	2.0
2332086	2.0
2341664	3.0
2392834	5.0
2408309	1.0
2420584	1.0
2436216	2.0
2439493	1.0
2446392	3.0
2449569	3.0
2533726	2.0
2583051	1.0
2596443	2.0
2633277	4.0
